

*****************************************************************
Tramas: 7[0 0 0 0 0 1 1 1]Longitud:8
Numero de trama: 1[0 0 0 0 0 0 0 1]Longitud:8
Longitud carga util: 10[1 0 1 1 0 0 1 1 0 1]
Carga util: 717<class 'numpy.ndarray'><class 'numpy.uint8'>
[0 1 0 0 0 1 0 1 0 1 1 0 1 1 0 0 0 0 1 0 0 0 0 0 0 1 1 1 0 0 1 1 0 1 1 0 1
 0 0 1 0 1 1 0 1 1 0 0 0 1 1 0 0 1 0 1 0 1 1 0 1 1 1 0 0 1 1 0 0 0 1 1 0 1
 1 0 1 0 0 1 0 1 1 0 1 1 1 1 0 0 1 0 0 0 0 0 0 1 1 0 0 1 0 0 0 1 1 0 0 1 0
 1 0 1 1 0 1 1 0 0 0 0 1 0 0 0 0 0 0 1 1 0 1 1 0 1 0 1 1 0 0 0 0 1 0 1 1 1
 0 0 1 0 0 0 0 0 1 1 0 1 0 0 0 0 1 0 1 0 0 0 0 0 1 1 0 1 0 0 0 0 1 0 1 0 0
 1 1 0 0 0 1 0 0 1 1 1 0 0 1 0 0 1 1 0 0 0 0 1 0 1 1 0 1 1 0 1 0 1 1 0 0 0
 0 1 0 0 1 0 0 0 0 0 0 1 1 1 0 1 0 1 0 1 1 0 1 1 1 0 0 0 1 0 0 0 0 0 0 1 1
 0 1 0 1 0 0 1 1 1 0 1 0 1 0 1 1 0 1 0 0 1 0 1 1 0 0 0 1 1 0 1 1 0 1 0 0 1
 0 1 1 0 1 1 1 1 0 0 1 0 0 0 0 0 0 1 1 0 1 0 0 1 0 1 1 0 1 1 1 0 0 1 1 0 0
 1 1 0 0 1 1 0 1 0 0 1 0 1 1 0 1 1 1 0 0 1 1 0 1 0 0 1 0 1 1 1 0 1 0 0 0 1
 1 0 1 1 1 1 0 0 0 0 1 1 0 1 0 0 0 0 1 0 1 0 0 0 0 0 1 1 0 1 0 0 0 0 1 0 1
 0 0 1 1 0 1 1 0 1 0 1 1 0 0 0 0 1 0 1 1 1 0 0 1 1 0 0 1 0 0 0 0 0 0 1 1 0
 0 0 1 1 0 1 1 0 1 1 1 1 0 1 1 0 1 1 1 0 0 1 1 0 0 0 1 1 0 1 1 0 0 1 0 1 0
 1 1 0 1 1 1 0 0 1 1 1 0 1 0 0 0 1 1 1 0 0 1 0 0 1 1 0 0 0 0 1 0 1 1 0 0 1
 0 0 0 1 1 0 1 1 1 1 0 0 1 0 0 0 0 0 0 1 1 1 0 0 0 1 0 1 1 1 0 1 0 1 0 1 1
 0 0 1 0 1 0 0 1 0 0 0 0 0 0 1 1 0 0 1 0 1 0 1 1 0 1 1 0 0 0 0 1 0 0 0 0 0
 0 1 1 0 0 1 0 0 0 1 1 0 0 1 0 1 0 0 1 0 0 0 0 0 0 1 1 1 0 1 0 1 0 1 1 0 1
 1 1 0 0 0 1 0 0 0 0 0 0 1 1 0 0 0 1 1 0 1 1 0 0 0 0 1 0 1 1 0 1 1 1 0 0 1
 1 1 0 1 0 0 0 1 1 0 0 0 0 1 0 1 1 1 0 0 1 0 0 1 1 0 1 1 1 1 0 0 0 0 1 1 0
 1 0 0 0 0 1 0 1 0 0 0 0 0 1]
Relleno: 0
CRC: 34697[1 0 0 0 0 1 1 1 1 0 0 0 1 0 0 1]<class 'numpy.ndarray'>int32



*****************************************************************
Tramas: 7[0 0 0 0 0 1 1 1]Longitud:8
Numero de trama: 2[0 0 0 0 0 0 1 0]Longitud:8
Longitud carga util: 10[1 0 1 1 0 0 1 1 0 1]
Carga util: 717<class 'numpy.ndarray'><class 'numpy.uint8'>
[1 0 1 0 0 0 0 1 0 1 0 0 1 1 0 1 1 0 1 0 1 1 0 0 0 0 1 0 1 1 1 0 0 1 1 0 0
 1 0 0 0 0 0 0 1 1 0 1 0 0 1 0 1 1 0 1 1 0 1 0 1 1 1 0 0 0 0 0 1 1 0 1 1 0
 0 0 1 1 0 0 0 0 1 0 1 1 0 0 0 1 1 0 1 1 0 0 0 0 1 0 1 1 0 0 0 1 0 0 1 1 0
 1 1 0 0 0 1 1 0 0 1 0 1 0 0 1 0 0 0 0 0 0 1 1 1 0 0 0 1 0 1 1 1 0 1 0 1 0
 1 1 0 0 1 0 1 0 0 1 0 0 0 0 0 0 1 1 0 0 1 0 0 0 1 1 0 1 1 1 1 0 1 1 1 0 0
 1 1 0 0 1 0 0 0 0 0 0 1 1 0 0 1 1 1 0 1 1 0 1 1 1 1 0 1 1 1 0 1 0 0 0 1 1
 0 0 0 0 1 0 1 1 1 0 0 1 1 0 0 0 0 1 1 0 1 0 0 0 0 1 0 1 0 0 0 0 0 1 1 0 1
 0 0 0 0 1 0 1 0 0 0 0 0 1 1 0 1 0 0 0 0 1 0 1 0 0 0 0 0 1 1 0 1 0 0 0 0 1
 0 1 0 0 1 1 1 1 0 0 1 0 1 1 0 0 0 0 1 0 0 1 0 0 0 0 0 0 1 1 0 0 0 0 1 0 1
 1 0 0 0 1 1 0 1 1 0 0 1 0 1 0 1 1 1 0 0 1 0 0 1 1 1 0 0 0 1 0 1 1 1 0 1 0
 1 0 1 1 0 0 1 0 1 0 0 1 0 0 0 0 0 0 1 1 0 0 1 0 1 0 1 1 0 1 1 0 0 0 0 1 0
 0 0 0 0 0 1 1 0 1 0 0 0 0 1 1 0 1 1 1 1 0 1 1 1 0 0 1 0 0 1 1 0 1 0 0 1 0
 1 1 1 1 0 1 0 0 1 1 0 1 1 1 1 0 1 1 0 1 1 1 0 0 1 1 1 0 1 0 0 0 1 1 0 0 1
 0 1 0 0 1 0 0 0 0 0 0 1 1 0 1 1 1 1 0 0 1 0 0 0 0 0 0 1 1 0 1 1 1 0 0 1 1
 0 1 1 1 1 0 1 1 1 0 0 1 1 0 0 1 0 0 0 0 0 0 1 1 0 0 1 0 1 0 1 1 0 1 1 1 0
 0 1 1 1 0 1 0 0 0 1 1 1 0 0 1 0 0 1 1 0 0 1 0 1 0 1 1 0 0 1 1 1 0 1 1 1 0
 1 0 1 0 1 1 0 0 1 0 1 0 0 0 0 1 1 0 1 0 0 0 0 1 0 1 0 0 0 0 0 1 1 0 1 0 0
 0 0 1 0 1 0 0 1 1 0 1 1 0 0 0 1 1 0 0 0 0 1 0 0 1 0 0 0 0 0 0 1 1 0 1 1 0
 1 0 1 1 1 0 1 0 1 0 1 1 0 0 1 0 1 0 1 1 1 0 0 1 0 0 1 1 1 0 1 0 0 0 1 1 0
 0 1 0 1 0 0 1 0 0 0 0 0 0 1]
Relleno: 0
CRC: 49064[1 0 1 1 1 1 1 1 1 0 1 0 1 0 0 0]<class 'numpy.ndarray'>int32



*****************************************************************
Tramas: 7[0 0 0 0 0 1 1 1]Longitud:8
Numero de trama: 3[0 0 0 0 0 0 1 1]Longitud:8
Longitud carga util: 10[1 0 1 1 0 0 1 1 0 1]
Carga util: 717<class 'numpy.ndarray'><class 'numpy.uint8'>
[1 0 0 0 0 1 0 1 1 1 1 0 1 0 0 1 1 1 0 1 0 1 0 1 1 0 1 1 0 0 0 0 1 0 0 0 0
 0 0 1 1 0 0 1 0 0 0 1 1 0 0 1 0 1 0 0 1 0 0 0 0 0 0 1 1 0 1 1 0 0 0 1 1 0
 0 0 0 1 0 1 1 1 0 0 1 1 0 0 1 0 0 0 0 0 0 1 1 0 1 1 0 1 0 1 1 0 0 1 0 1 0
 1 1 0 0 1 0 0 0 1 1 1 0 1 0 1 0 1 1 1 0 0 1 1 0 1 1 0 0 0 0 1 0 1 1 1 0 0
 1 1 0 0 0 0 1 1 0 1 0 0 0 0 1 0 1 0 0 0 0 0 1 1 0 1 0 0 0 0 1 0 1 0 0 1 1
 0 1 1 1 0 0 1 1 1 0 1 0 1 0 1 1 0 0 1 0 1 0 1 1 1 0 0 1 1 0 1 1 1 0 1 0 0
 0 1 1 1 0 0 1 0 0 1 1 0 0 0 0 1 0 1 1 1 0 0 1 1 0 0 1 0 0 0 0 0 0 1 1 1 0
 0 1 1 0 1 1 0 1 1 1 1 0 1 1 1 0 0 1 1 0 1 1 1 0 0 0 0 0 1 1 0 0 1 0 1 0 1
 1 0 0 0 1 1 0 1 1 0 1 0 0 0 0 1 1 0 0 0 0 1 0 1 1 1 0 0 1 1 0 0 1 0 0 0 0
 0 0 1 1 0 1 1 1 0 0 1 1 0 1 1 1 1 0 0 1 0 0 0 0 0 0 1 1 0 1 1 0 0 0 1 1 0
 1 1 1 1 0 0 1 0 0 0 0 0 0 1 1 0 0 1 0 0 0 1 1 0 0 1 0 1 0 1 1 0 1 0 1 0 0
 1 1 0 0 0 0 1 0 1 1 0 1 1 1 0 0 0 0 0 1 1 0 1 0 0 0 0 1 0 1 0 0 0 0 0 1 1
 0 1 0 0 0 0 1 0 1 0 0 0 0 0 1 1 0 1 0 0 0 0 1 0 1 0 0 0 0 0 1 1 0 1 0 0 0
 0 1 0 1 0 0 1 1 0 0 1 0 1 0 1 1 0 1 1 0 0 0 0 1 0 0 0 0 0 0 1 1 0 1 1 0 1
 0 1 1 0 0 0 0 1 0 1 1 1 0 0 1 0 0 0 1 0 0 0 0 0 0 1 1 0 0 1 0 1 0 1 1 1 0
 0 1 1 0 1 1 0 0 0 1 1 0 1 1 1 0 1 0 1 0 1 1 0 0 0 1 1 0 1 1 0 1 0 0 0 0 1
 1 0 0 0 0 1 0 0 1 0 0 0 0 0 0 1 1 0 0 0 1 1 0 1 1 0 1 1 1 1 0 1 1 0 1 1 0
 1 0 1 1 0 1 1 1 1 0 0 1 0 0 0 0 0 0 1 1 1 0 1 0 1 0 1 1 0 1 1 1 0 0 0 1 0
 0 0 0 0 0 1 1 1 0 0 1 1 0 1 1 0 1 1 1 1 0 1 1 1 0 0 1 0 0 1 1 0 0 1 0 0 0
 1 1 0 1 1 1 1 0 0 0 0 1 1 0]
Relleno: 0
CRC: 26257[0 1 1 0 0 1 1 0 1 0 0 1 0 0 0 1]<class 'numpy.ndarray'>int32



*****************************************************************
Tramas: 7[0 0 0 0 0 1 1 1]Longitud:8
Numero de trama: 4[0 0 0 0 0 1 0 0]Longitud:8
Longitud carga util: 10[1 0 1 1 0 0 1 1 0 1]
Carga util: 717<class 'numpy.ndarray'><class 'numpy.uint8'>
[1 0 0 0 0 1 0 1 0 0 0 0 0 1 1 0 1 0 0 0 0 1 0 1 0 0 1 1 0 0 1 0 1 0 1 1 1
 0 0 1 1 0 0 1 0 0 0 0 0 0 1 1 0 1 0 0 1 0 1 1 0 1 1 1 0 0 1 1 1 0 0 1 1 0
 1 1 0 0 1 0 1 0 1 1 0 1 1 1 0 0 1 1 1 0 0 1 1 0 1 1 0 1 0 0 1 0 1 1 0 0 0
 1 0 0 1 1 0 1 1 0 0 0 1 1 0 0 1 0 1 0 0 1 0 0 0 0 0 0 1 1 0 0 0 1 1 0 1 1
 0 1 1 1 1 0 1 1 0 1 1 0 1 0 1 1 0 1 1 1 1 0 0 1 0 0 0 0 0 0 1 1 1 0 1 0 1
 0 1 1 0 1 1 1 0 0 0 1 0 0 0 0 0 0 1 1 0 0 1 0 0 0 1 1 0 1 0 0 1 0 1 1 0 1
 1 1 1 0 1 1 1 0 0 1 1 0 0 0 0 1 1 0 1 0 0 0 0 1 0 1 0 0 0 0 0 1 1 0 1 0 0
 0 0 1 0 1 0 0 1 1 1 1 0 0 1 0 0 1 0 0 0 0 0 0 1 1 1 0 0 1 1 0 1 1 0 1 1 1
 1 0 1 1 0 0 0 1 0 0 1 1 1 0 0 1 0 0 1 1 0 0 1 0 1 0 1 1 1 0 1 1 0 0 1 1 0
 1 0 0 1 0 1 1 1 0 1 1 0 0 1 1 0 0 1 0 1 0 0 1 0 0 0 0 0 0 1 1 0 0 0 0 1 0
 0 1 0 0 0 0 0 0 1 1 0 1 1 0 0 0 1 1 0 1 1 1 1 0 1 1 1 0 0 1 1 0 0 1 0 0 0
 0 0 0 1 1 1 0 0 1 1 0 1 1 0 1 1 1 1 0 1 1 0 0 0 1 0 0 1 1 1 0 0 1 0 0 1 1
 0 0 1 0 1 0 1 1 1 0 1 1 0 0 1 1 0 1 0 0 1 0 1 1 1 0 1 1 0 0 1 1 0 1 0 0 1
 0 1 1 0 0 1 0 1 0 1 1 0 1 1 1 0 0 1 1 1 0 1 0 0 0 1 1 0 0 1 0 1 0 1 1 1 0
 0 1 1 0 0 0 0 1 1 0 1 0 0 0 0 1 0 1 0 0 0 0 0 1 1 0 1 0 0 0 0 1 0 1 0 0 0
 0 0 1 1 0 1 0 0 0 0 1 0 1 0 0 0 0 0 1 1 0 1 0 0 0 0 1 0 1 0 0 1 1 0 1 1 1
 0 0 1 1 1 0 1 0 1 0 1 1 0 1 1 1 0 0 1 1 0 0 0 1 1 0 1 1 0 0 0 0 1 0 0 1 0
 0 0 0 0 0 1 1 1 0 0 1 1 0 1 1 0 0 0 0 1 0 1 1 0 0 0 1 0 0 1 1 1 0 0 1 0 0
 1 1 0 0 1 0 1 0 0 1 0 0 0 0 0 0 1 1 1 0 0 0 1 0 1 1 1 0 1 0 1 0 1 1 0 0 1
 0 1 0 0 1 0 0 0 0 0 0 1 1 0]
Relleno: 0
CRC: 428[0 0 0 0 0 0 0 1 1 0 1 0 1 1 0 0]<class 'numpy.ndarray'>int32



*****************************************************************
Tramas: 7[0 0 0 0 0 1 1 1]Longitud:8
Numero de trama: 5[0 0 0 0 0 1 0 1]Longitud:8
Longitud carga util: 10[1 0 1 1 0 0 1 1 0 1]
Carga util: 717<class 'numpy.ndarray'><class 'numpy.uint8'>
[0 1 0 1 0 1 1 1 0 0 1 1 0 1 1 1 0 0 0 0 0 1 1 0 0 1 0 1 0 1 1 1 0 0 1 0 0
 1 1 0 1 1 1 1 0 0 1 0 0 0 0 0 0 1 1 0 0 1 0 0 0 1 1 0 0 1 0 1 0 0 1 0 0 0
 0 0 0 1 1 0 0 1 0 1 0 1 1 0 1 1 0 0 0 0 0 0 1 1 0 1 0 0 0 0 1 0 1 0 0 0 0
 0 1 1 0 1 0 0 0 0 1 0 1 0 0 1 1 0 1 1 1 0 0 1 1 0 1 0 0 1 0 0 1 0 0 0 0 0
 0 1 1 1 0 0 0 1 0 1 1 1 0 1 0 1 0 1 1 0 0 1 0 1 0 0 1 0 0 0 0 0 0 1 1 0 0
 0 1 1 0 1 1 0 1 1 1 1 0 1 1 0 1 1 1 0 0 1 1 0 1 0 1 0 0 1 1 1 0 1 0 1 0 1
 1 1 0 0 1 0 0 1 1 0 1 1 1 1 0 0 1 0 0 0 0 0 0 1 1 0 0 1 0 0 0 1 1 0 0 1 0
 1 0 1 1 0 1 0 1 0 0 1 1 0 0 0 0 1 0 0 1 0 0 0 0 0 0 1 1 0 0 1 0 1 0 1 1 0
 1 1 1 0 0 0 1 0 0 0 0 0 0 1 1 0 1 1 0 1 0 1 1 0 1 0 0 1 0 1 1 1 0 0 1 1 0
 0 1 0 0 0 0 0 0 1 1 1 0 1 0 0 0 1 1 0 1 1 1 1 0 1 1 0 0 0 1 0 0 1 1 0 1 0
 0 1 0 1 1 0 1 1 0 0 0 1 1 0 1 1 0 0 0 1 1 0 1 1 1 1 0 1 1 1 0 0 1 1 0 0 0
 0 1 1 0 1 0 0 0 0 1 0 1 0 0 0 0 0 1 1 0 1 0 0 0 0 1 0 1 0 0 1 1 1 0 0 0 0
 0 1 1 0 0 1 0 1 0 1 1 1 0 0 1 0 0 1 1 0 1 1 1 1 0 0 1 0 0 0 0 0 0 1 1 0 0
 0 1 1 0 1 1 1 0 1 0 1 0 1 1 0 0 0 0 1 0 1 1 0 1 1 1 0 0 1 1 0 0 1 0 0 0 1
 1 0 1 1 1 1 0 0 1 0 0 0 0 0 0 1 1 0 0 1 0 1 0 1 1 1 0 0 1 1 0 1 1 1 0 1 0
 0 0 1 1 0 1 1 1 1 0 1 1 1 0 0 1 1 0 0 1 0 0 0 0 0 0 1 1 0 1 1 1 1 0 1 1 0
 1 0 1 0 0 1 1 0 1 1 1 1 0 1 1 1 0 0 1 1 0 0 1 0 0 0 0 0 0 1 1 1 0 0 1 1 0
 1 1 0 0 1 0 1 0 0 1 0 0 0 0 0 0 1 1 0 1 0 0 0 0 1 1 0 0 0 0 1 0 1 1 1 0 0
 1 0 0 1 1 1 0 1 0 0 0 1 1 0 0 0 0 1 0 1 1 0 1 1 1 0 0 0 1 0 0 0 0 0 0 1 1
 0 0 1 0 0 0 1 1 0 0 1 0 1 0]
Relleno: 0
CRC: 47964[1 0 1 1 1 0 1 1 0 1 0 1 1 1 0 0]<class 'numpy.ndarray'>int32



*****************************************************************
Tramas: 7[0 0 0 0 0 1 1 1]Longitud:8
Numero de trama: 6[0 0 0 0 0 1 1 0]Longitud:8
Longitud carga util: 10[1 0 1 1 0 0 1 1 0 1]
Carga util: 717<class 'numpy.ndarray'><class 'numpy.uint8'>
[0 1 0 0 0 0 0 0 1 1 0 0 0 1 0 0 1 1 0 0 0 0 1 0 1 1 0 1 1 0 0 0 1 1 0 0 1
 0 0 0 1 1 0 1 1 1 1 0 1 1 1 0 0 1 1 0 1 1 0 0 0 0 1 0 1 1 1 0 0 1 1 0 0 0
 0 1 1 0 1 0 0 0 0 1 0 1 0 0 0 0 0 1 1 0 1 0 0 0 0 1 0 1 0 0 1 1 1 1 0 0 1
 0 0 1 0 0 0 0 0 0 1 1 0 0 1 0 1 0 1 1 1 0 0 1 1 0 1 1 1 0 0 0 0 0 1 1 0 0
 1 0 1 0 1 1 1 0 0 1 0 0 1 1 0 0 0 0 1 0 1 1 0 1 1 1 0 0 0 1 0 0 0 0 0 0 1
 1 0 0 1 0 1 0 1 1 0 1 1 1 0 0 1 1 1 0 1 0 0 0 1 1 1 0 0 1 0 0 1 1 0 0 1 0
 1 0 0 1 0 0 0 0 0 0 1 1 0 0 1 0 1 0 1 1 0 1 1 0 0 0 0 1 0 0 0 0 0 0 1 1 0
 1 1 0 0 0 1 1 0 1 1 0 0 0 1 1 0 0 0 0 1 0 1 1 0 1 1 1 0 0 1 1 0 1 1 1 1 0
 0 1 0 0 0 0 0 0 1 1 1 1 0 0 1 0 0 1 0 0 0 0 0 0 1 1 0 1 1 0 0 0 1 1 0 0 0
 0 1 0 1 1 1 0 0 1 1 0 0 1 0 0 0 0 0 0 1 1 0 0 0 1 1 0 1 1 0 1 1 1 1 0 1 1
 0 1 1 0 0 0 1 1 0 1 0 0 1 0 1 1 0 1 1 1 0 0 1 1 0 0 0 0 1 0 1 1 1 0 0 1 1
 0 0 0 0 1 1 0 1 0 0 0 0 1 0 1 0 0 0 0 0 1 1 0 1 0 0 0 0 1 0 1 0 0 1 1 0 1
 1 1 1 0 0 1 0 0 0 0 0 0 1 1 0 0 1 0 1 0 1 1 0 1 1 1 0 0 0 1 0 0 0 0 0 0 1
 1 0 0 0 1 1 0 1 1 0 0 0 0 1 0 1 1 0 1 1 0 0 0 1 1 0 1 1 0 0 0 1 1 0 0 1 0
 1 0 1 1 1 0 0 1 1 0 0 1 0 0 0 0 0 0 1 1 1 0 0 0 1 0 1 1 1 0 1 0 1 0 1 1 0
 0 1 0 1 0 0 1 0 0 0 0 0 0 1 1 1 0 0 1 1 0 1 1 0 0 1 0 1 0 0 1 0 0 0 0 0 0
 1 1 0 0 0 1 1 0 1 1 0 1 0 0 1 0 1 1 0 0 1 0 1 0 1 1 1 0 0 1 0 0 1 1 1 0 0
 1 0 0 1 1 0 0 0 0 1 0 1 1 0 1 1 1 0 0 0 1 0 0 0 0 0 0 1 1 0 0 1 0 1 0 1 1
 0 1 1 1 0 0 0 1 0 0 0 0 0 0 1 1 0 1 1 0 1 0 1 1 0 0 0 0 1 0 1 1 1 0 0 1 1
 0 0 1 0 0 0 0 0 0 1 1 0 0 0]
Relleno: 0
CRC: 57174[1 1 0 1 1 1 1 1 0 1 0 1 0 1 1 0]<class 'numpy.ndarray'>int32



*****************************************************************
Tramas: 7[0 0 0 0 0 1 1 1]Longitud:8
Numero de trama: 7[0 0 0 0 0 1 1 1]Longitud:8
Longitud carga util: 10[1 0 0 0 1 1 1 0 1 0]
Carga util: 570<class 'numpy.ndarray'><class 'numpy.uint8'>
[1 1 0 1 1 0 0 0 0 1 0 1 1 0 1 1 0 0 0 1 1 0 1 1 0 0 0 1 1 0 0 1 0 1 0 1 1
 1 0 0 1 1 0 0 0 0 1 1 0 1 0 0 0 0 1 0 1 0 0 0 0 0 1 1 0 1 0 0 0 0 1 0 1 0
 0 1 1 0 0 1 0 1 0 1 1 0 1 1 1 0 0 1 1 1 0 1 0 0 0 1 1 0 1 1 1 1 0 1 1 0 1
 1 1 0 0 1 1 0 0 0 1 1 0 1 1 0 0 1 0 1 0 1 1 1 0 0 1 1 0 0 1 0 0 0 0 0 0 1
 1 1 0 0 1 1 0 1 1 0 1 0 0 1 0 0 1 0 0 0 0 0 0 1 1 0 1 1 0 1 0 1 1 0 0 1 0
 1 0 0 1 0 0 0 0 0 0 1 1 1 0 0 1 1 0 1 1 0 1 0 0 1 0 1 1 0 0 1 0 1 0 1 1 0
 1 1 1 0 0 1 1 1 0 1 0 0 0 1 1 0 1 1 1 1 0 0 1 0 0 0 0 0 0 1 1 0 1 1 1 0 0
 1 1 0 0 0 0 1 0 1 1 1 0 1 0 1 0 1 1 0 0 1 1 0 0 1 1 1 0 0 1 0 0 1 1 0 0 0
 0 1 0 1 1 0 0 1 1 1 0 1 1 0 1 1 1 1 0 0 1 0 0 0 0 0 0 1 1 1 1 0 0 1 0 0 1
 0 0 0 0 0 0 1 1 1 0 0 1 1 0 1 1 0 1 1 1 1 0 1 1 0 1 1 0 0 0 1 1 0 1 1 1 1
 0 0 1 0 0 0 0 0 0 1 1 0 0 1 0 1 0 1 1 0 1 1 0 0 0 0 1 0 0 0 0 0 0 1 1 0 1
 1 0 1 0 1 1 0 0 0 0 1 0 1 1 1 0 0 1 0 0 0 1 0 0 0 0 0 0 1 1 1 0 0 0 0 0 1
 1 1 0 1 0 1 0 1 1 0 0 1 0 1 0 1 1 0 0 1 0 0 0 1 1 0 0 1 0 1 0 0 0 0 1 1 0
 1 0 0 0 0 1 0 1 0 0 0 0 0 1 1 0 1 0 0 0 0 1 0 1 0 0 1 1 1 0 0 1 1 0 1 1 0
 0 0 0 1 0 1 1 0 1 1 0 0 0 1 1 1 0 1 1 0 0 1 1 0 0 0 0 1 0 1 1 1 0 0 1 0 0
 1 1 0 1 1 0 1 0 1 1 0 0 1 0 1]
Relleno: 147
CRC: 32294[0 1 1 1 1 1 1 0 0 0 1 0 0 1 1 0]<class 'numpy.ndarray'>int32



*****************************************************************
Tramas: 11[0 0 0 0 1 0 1 1]Longitud:8
Numero de trama: 1[0 0 0 0 0 0 0 1]Longitud:8
Longitud carga util: 9[1 1 1 0 1 0 0 0 1]
Carga util: 465<class 'numpy.ndarray'><class 'numpy.uint8'>
[0 1 0 0 0 1 0 1 0 1 1 0 1 1 0 0 0 0 1 0 0 0 0 0 0 1 1 1 0 0 1 1 0 1 1 0 1
 0 0 1 0 1 1 0 1 1 0 0 0 1 1 0 0 1 0 1 0 1 1 0 1 1 1 0 0 1 1 0 0 0 1 1 0 1
 1 0 1 0 0 1 0 1 1 0 1 1 1 1 0 0 1 0 0 0 0 0 0 1 1 0 0 1 0 0 0 1 1 0 0 1 0
 1 0 1 1 0 1 1 0 0 0 0 1 0 0 0 0 0 0 1 1 0 1 1 0 1 0 1 1 0 0 0 0 1 0 1 1 1
 0 0 1 0 0 0 0 0 1 1 0 1 0 0 0 0 1 0 1 0 0 0 0 0 1 1 0 1 0 0 0 0 1 0 1 0 0
 1 1 0 0 0 1 0 0 1 1 1 0 0 1 0 0 1 1 0 0 0 0 1 0 1 1 0 1 1 0 1 0 1 1 0 0 0
 0 1 0 0 1 0 0 0 0 0 0 1 1 1 0 1 0 1 0 1 1 0 1 1 1 0 0 0 1 0 0 0 0 0 0 1 1
 0 1 0 1 0 0 1 1 1 0 1 0 1 0 1 1 0 1 0 0 1 0 1 1 0 0 0 1 1 0 1 1 0 1 0 0 1
 0 1 1 0 1 1 1 1 0 0 1 0 0 0 0 0 0 1 1 0 1 0 0 1 0 1 1 0 1 1 1 0 0 1 1 0 0
 1 1 0 0 1 1 0 1 0 0 1 0 1 1 0 1 1 1 0 0 1 1 0 1 0 0 1 0 1 1 1 0 1 0 0 0 1
 1 0 1 1 1 1 0 0 0 0 1 1 0 1 0 0 0 0 1 0 1 0 0 0 0 0 1 1 0 1 0 0 0 0 1 0 1
 0 0 1 1 0 1 1 0 1 0 1 1 0 0 0 0 1 0 1 1 1 0 0 1 1 0 0 1 0 0 0 0 0 0 1 1 0
 0 0 1 1 0 1 1 0 1 1 1 1 0 1 1 0 1 1 1 0 0]
Relleno: 0
CRC: 63480[1 1 1 1 0 1 1 1 1 1 1 1 1 0 0 0]<class 'numpy.ndarray'>int32



*****************************************************************
Tramas: 11[0 0 0 0 1 0 1 1]Longitud:8
Numero de trama: 2[0 0 0 0 0 0 1 0]Longitud:8
Longitud carga util: 9[1 1 1 0 1 0 0 0 1]
Carga util: 465<class 'numpy.ndarray'><class 'numpy.uint8'>
[1 1 0 0 0 1 1 0 1 1 0 0 1 0 1 0 1 1 0 1 1 1 0 0 1 1 1 0 1 0 0 0 1 1 1 0 0
 1 0 0 1 1 0 0 0 0 1 0 1 1 0 0 1 0 0 0 1 1 0 1 1 1 1 0 0 1 0 0 0 0 0 0 1 1
 1 0 0 0 1 0 1 1 1 0 1 0 1 0 1 1 0 0 1 0 1 0 0 1 0 0 0 0 0 0 1 1 0 0 1 0 1
 0 1 1 0 1 1 0 0 0 0 1 0 0 0 0 0 0 1 1 0 0 1 0 0 0 1 1 0 0 1 0 1 0 0 1 0 0
 0 0 0 0 1 1 1 0 1 0 1 0 1 1 0 1 1 1 0 0 0 1 0 0 0 0 0 0 1 1 0 0 0 1 1 0 1
 1 0 0 0 0 1 0 1 1 0 1 1 1 0 0 1 1 1 0 1 0 0 0 1 1 0 0 0 0 1 0 1 1 1 0 0 1
 0 0 1 1 0 1 1 1 1 0 0 0 0 1 1 0 1 0 0 0 0 1 0 1 0 0 0 0 0 1 1 0 1 0 0 0 0
 1 0 1 0 0 1 1 0 1 1 0 1 0 1 1 0 0 0 0 1 0 1 1 1 0 0 1 1 0 0 1 0 0 0 0 0 0
 1 1 0 1 0 0 1 0 1 1 0 1 1 0 1 0 1 1 1 0 0 0 0 0 1 1 0 1 1 0 0 0 1 1 0 0 0
 0 1 0 1 1 0 0 0 1 1 0 1 1 0 0 0 0 1 0 1 1 0 0 0 1 0 0 1 1 0 1 1 0 0 0 1 1
 0 0 1 0 1 0 0 1 0 0 0 0 0 0 1 1 1 0 0 0 1 0 1 1 1 0 1 0 1 0 1 1 0 0 1 0 1
 0 0 1 0 0 0 0 0 0 1 1 0 0 1 0 0 0 1 1 0 1 1 1 1 0 1 1 1 0 0 1 1 0 0 1 0 0
 0 0 0 0 1 1 0 0 1 1 1 0 1 1 0 1 1 1 1 0 1]
Relleno: 0
CRC: 29767[0 1 1 1 0 1 0 0 0 1 0 0 0 1 1 1]<class 'numpy.ndarray'>int32



*****************************************************************
Tramas: 11[0 0 0 0 1 0 1 1]Longitud:8
Numero de trama: 3[0 0 0 0 0 0 1 1]Longitud:8
Longitud carga util: 9[1 1 1 0 1 0 0 0 1]
Carga util: 465<class 'numpy.ndarray'><class 'numpy.uint8'>
[1 1 0 1 0 0 0 1 1 0 0 0 0 1 0 1 1 1 0 0 1 1 0 0 0 0 1 1 0 1 0 0 0 0 1 0 1
 0 0 0 0 0 1 1 0 1 0 0 0 0 1 0 1 0 0 0 0 0 1 1 0 1 0 0 0 0 1 0 1 0 0 0 0 0
 1 1 0 1 0 0 0 0 1 0 1 0 0 1 1 1 1 0 0 1 0 1 1 0 0 0 0 1 0 0 1 0 0 0 0 0 0
 1 1 0 0 0 0 1 0 1 1 0 0 0 1 1 0 1 1 0 0 1 0 1 0 1 1 1 0 0 1 0 0 1 1 1 0 0
 0 1 0 1 1 1 0 1 0 1 0 1 1 0 0 1 0 1 0 0 1 0 0 0 0 0 0 1 1 0 0 1 0 1 0 1 1
 0 1 1 0 0 0 0 1 0 0 0 0 0 0 1 1 0 1 0 0 0 0 1 1 0 1 1 1 1 0 1 1 1 0 0 1 0
 0 1 1 0 1 0 0 1 0 1 1 1 1 0 1 0 0 1 1 0 1 1 1 1 0 1 1 0 1 1 1 0 0 1 1 1 0
 1 0 0 0 1 1 0 0 1 0 1 0 0 1 0 0 0 0 0 0 1 1 0 1 1 1 1 0 0 1 0 0 0 0 0 0 1
 1 0 1 1 1 0 0 1 1 0 1 1 1 1 0 1 1 1 0 0 1 1 0 0 1 0 0 0 0 0 0 1 1 0 0 1 0
 1 0 1 1 0 1 1 1 0 0 1 1 1 0 1 0 0 0 1 1 1 0 0 1 0 0 1 1 0 0 1 0 1 0 1 1 0
 0 1 1 1 0 1 1 1 0 1 0 1 0 1 1 0 0 1 0 1 0 0 0 0 1 1 0 1 0 0 0 0 1 0 1 0 0
 0 0 0 1 1 0 1 0 0 0 0 1 0 1 0 0 1 1 0 1 1 0 0 0 1 1 0 0 0 0 1 0 0 1 0 0 0
 0 0 0 1 1 0 1 1 0 1 0 1 1 1 0 1 0 1 0 1 1]
Relleno: 0
CRC: 14892[0 0 1 1 1 0 1 0 0 0 1 0 1 1 0 0]<class 'numpy.ndarray'>int32



*****************************************************************
Tramas: 11[0 0 0 0 1 0 1 1]Longitud:8
Numero de trama: 4[0 0 0 0 0 1 0 0]Longitud:8
Longitud carga util: 9[1 1 1 0 1 0 0 0 1]
Carga util: 465<class 'numpy.ndarray'><class 'numpy.uint8'>
[0 0 1 0 1 0 1 1 1 0 0 1 0 0 1 1 1 0 1 0 0 0 1 1 0 0 1 0 1 0 0 1 0 0 0 0 0
 0 1 1 0 0 0 0 1 0 1 1 1 1 0 1 0 0 1 1 1 0 1 0 1 0 1 1 0 1 1 0 0 0 0 1 0 0
 0 0 0 0 1 1 0 0 1 0 0 0 1 1 0 0 1 0 1 0 0 1 0 0 0 0 0 0 1 1 0 1 1 0 0 0 1
 1 0 0 0 0 1 0 1 1 1 0 0 1 1 0 0 1 0 0 0 0 0 0 1 1 0 1 1 0 1 0 1 1 0 0 1 0
 1 0 1 1 0 0 1 0 0 0 1 1 1 0 1 0 1 0 1 1 1 0 0 1 1 0 1 1 0 0 0 0 1 0 1 1 1
 0 0 1 1 0 0 0 0 1 1 0 1 0 0 0 0 1 0 1 0 0 0 0 0 1 1 0 1 0 0 0 0 1 0 1 0 0
 1 1 0 1 1 1 0 0 1 1 1 0 1 0 1 0 1 1 0 0 1 0 1 0 1 1 1 0 0 1 1 0 1 1 1 0 1
 0 0 0 1 1 1 0 0 1 0 0 1 1 0 0 0 0 1 0 1 1 1 0 0 1 1 0 0 1 0 0 0 0 0 0 1 1
 1 0 0 1 1 0 1 1 0 1 1 1 1 0 1 1 1 0 0 1 1 0 1 1 1 0 0 0 0 0 1 1 0 0 1 0 1
 0 1 1 0 0 0 1 1 0 1 1 0 1 0 0 0 0 1 1 0 0 0 0 1 0 1 1 1 0 0 1 1 0 0 1 0 0
 0 0 0 0 1 1 0 1 1 1 0 0 1 1 0 1 1 1 1 0 0 1 0 0 0 0 0 0 1 1 0 1 1 0 0 0 1
 1 0 1 1 1 1 0 0 1 0 0 0 0 0 0 1 1 0 0 1 0 0 0 1 1 0 0 1 0 1 0 1 1 0 1 0 1
 0 0 1 1 0 0 0 0 1 0 1 1 0 1 1 1 0 0 0 0 0]
Relleno: 0
CRC: 9085[0 0 1 0 0 0 1 1 0 1 1 1 1 1 0 1]<class 'numpy.ndarray'>int32



*****************************************************************
Tramas: 11[0 0 0 0 1 0 1 1]Longitud:8
Numero de trama: 5[0 0 0 0 0 1 0 1]Longitud:8
Longitud carga util: 9[1 1 1 0 1 0 0 0 1]
Carga util: 465<class 'numpy.ndarray'><class 'numpy.uint8'>
[1 1 0 1 0 0 0 0 1 0 1 0 0 0 0 0 1 1 0 1 0 0 0 0 1 0 1 0 0 0 0 0 1 1 0 1 0
 0 0 0 1 0 1 0 0 0 0 0 1 1 0 1 0 0 0 0 1 0 1 0 0 1 1 0 0 1 0 1 0 1 1 0 1 1
 0 0 0 0 1 0 0 0 0 0 0 1 1 0 1 1 0 1 0 1 1 0 0 0 0 1 0 1 1 1 0 0 1 0 0 0 1
 0 0 0 0 0 0 1 1 0 0 1 0 1 0 1 1 1 0 0 1 1 0 1 1 0 0 0 1 1 0 1 1 1 0 1 0 1
 0 1 1 0 0 0 1 1 0 1 1 0 1 0 0 0 0 1 1 0 0 0 0 1 0 0 1 0 0 0 0 0 0 1 1 0 0
 0 1 1 0 1 1 0 1 1 1 1 0 1 1 0 1 1 0 1 0 1 1 0 1 1 1 1 0 0 1 0 0 0 0 0 0 1
 1 1 0 1 0 1 0 1 1 0 1 1 1 0 0 0 1 0 0 0 0 0 0 1 1 1 0 0 1 1 0 1 1 0 1 1 1
 1 0 1 1 1 0 0 1 0 0 1 1 0 0 1 0 0 0 1 1 0 1 1 1 1 0 0 0 0 1 1 0 1 0 0 0 0
 1 0 1 0 0 0 0 0 1 1 0 1 0 0 0 0 1 0 1 0 0 1 1 0 0 1 0 1 0 1 1 1 0 0 1 1 0
 0 1 0 0 0 0 0 0 1 1 0 1 0 0 1 0 1 1 0 1 1 1 0 0 1 1 1 0 0 1 1 0 1 1 0 0 1
 0 1 0 1 1 0 1 1 1 0 0 1 1 1 0 0 1 1 0 1 1 0 1 0 0 1 0 1 1 0 0 0 1 0 0 1 1
 0 1 1 0 0 0 1 1 0 0 1 0 1 0 0 1 0 0 0 0 0 0 1 1 0 0 0 1 1 0 1 1 0 1 1 1 1
 0 1 1 0 1 1 0 1 0 1 1 0 1 1 1 1 0 0 1 0 0]
Relleno: 0
CRC: 41043[1 0 1 0 0 0 0 0 0 1 0 1 0 0 1 1]<class 'numpy.ndarray'>int32



*****************************************************************
Tramas: 11[0 0 0 0 1 0 1 1]Longitud:8
Numero de trama: 6[0 0 0 0 0 1 1 0]Longitud:8
Longitud carga util: 9[1 1 1 0 1 0 0 0 1]
Carga util: 465<class 'numpy.ndarray'><class 'numpy.uint8'>
[0 0 0 0 1 1 1 0 1 0 1 0 1 1 0 1 1 1 0 0 0 1 0 0 0 0 0 0 1 1 0 0 1 0 0 0 1
 1 0 1 0 0 1 0 1 1 0 1 1 1 1 0 1 1 1 0 0 1 1 0 0 0 0 1 1 0 1 0 0 0 0 1 0 1
 0 0 0 0 0 1 1 0 1 0 0 0 0 1 0 1 0 0 1 1 1 1 0 0 1 0 0 1 0 0 0 0 0 0 1 1 1
 0 0 1 1 0 1 1 0 1 1 1 1 0 1 1 0 0 0 1 0 0 1 1 1 0 0 1 0 0 1 1 0 0 1 0 1 0
 1 1 1 0 1 1 0 0 1 1 0 1 0 0 1 0 1 1 1 0 1 1 0 0 1 1 0 0 1 0 1 0 0 1 0 0 0
 0 0 0 1 1 0 0 0 0 1 0 0 1 0 0 0 0 0 0 1 1 0 1 1 0 0 0 1 1 0 1 1 1 1 0 1 1
 1 0 0 1 1 0 0 1 0 0 0 0 0 0 1 1 1 0 0 1 1 0 1 1 0 1 1 1 1 0 1 1 0 0 0 1 0
 0 1 1 1 0 0 1 0 0 1 1 0 0 1 0 1 0 1 1 1 0 1 1 0 0 1 1 0 1 0 0 1 0 1 1 1 0
 1 1 0 0 1 1 0 1 0 0 1 0 1 1 0 0 1 0 1 0 1 1 0 1 1 1 0 0 1 1 1 0 1 0 0 0 1
 1 0 0 1 0 1 0 1 1 1 0 0 1 1 0 0 0 0 1 1 0 1 0 0 0 0 1 0 1 0 0 0 0 0 1 1 0
 1 0 0 0 0 1 0 1 0 0 0 0 0 1 1 0 1 0 0 0 0 1 0 1 0 0 0 0 0 1 1 0 1 0 0 0 0
 1 0 1 0 0 1 1 0 1 1 1 0 0 1 1 1 0 1 0 1 0 1 1 0 1 1 1 0 0 1 1 0 0 0 1 1 0
 1 1 0 0 0 0 1 0 0 1 0 0 0 0 0 0 1 1 1 0 0]
Relleno: 0
CRC: 10856[0 0 1 0 1 0 1 0 0 1 1 0 1 0 0 0]<class 'numpy.ndarray'>int32



*****************************************************************
Tramas: 11[0 0 0 0 1 0 1 1]Longitud:8
Numero de trama: 7[0 0 0 0 0 1 1 1]Longitud:8
Longitud carga util: 9[1 1 1 0 1 0 0 0 1]
Carga util: 465<class 'numpy.ndarray'><class 'numpy.uint8'>
[1 1 0 1 1 0 0 0 0 1 0 1 1 0 0 0 1 0 0 1 1 1 0 0 1 0 0 1 1 0 0 1 0 1 0 0 1
 0 0 0 0 0 0 1 1 1 0 0 0 1 0 1 1 1 0 1 0 1 0 1 1 0 0 1 0 1 0 0 1 0 0 0 0 0
 0 1 1 0 0 1 0 1 0 1 1 1 0 0 1 1 0 1 1 1 0 0 0 0 0 1 1 0 0 1 0 1 0 1 1 1 0
 0 1 0 0 1 1 0 1 1 1 1 0 0 1 0 0 0 0 0 0 1 1 0 0 1 0 0 0 1 1 0 0 1 0 1 0 0
 1 0 0 0 0 0 0 1 1 0 0 1 0 1 0 1 1 0 1 1 0 0 0 0 0 0 1 1 0 1 0 0 0 0 1 0 1
 0 0 0 0 0 1 1 0 1 0 0 0 0 1 0 1 0 0 1 1 0 1 1 1 0 0 1 1 0 1 0 0 1 0 0 1 0
 0 0 0 0 0 1 1 1 0 0 0 1 0 1 1 1 0 1 0 1 0 1 1 0 0 1 0 1 0 0 1 0 0 0 0 0 0
 1 1 0 0 0 1 1 0 1 1 0 1 1 1 1 0 1 1 0 1 1 1 0 0 1 1 0 1 0 1 0 0 1 1 1 0 1
 0 1 0 1 1 1 0 0 1 0 0 1 1 0 1 1 1 1 0 0 1 0 0 0 0 0 0 1 1 0 0 1 0 0 0 1 1
 0 0 1 0 1 0 1 1 0 1 0 1 0 0 1 1 0 0 0 0 1 0 0 1 0 0 0 0 0 0 1 1 0 0 1 0 1
 0 1 1 0 1 1 1 0 0 0 1 0 0 0 0 0 0 1 1 0 1 1 0 1 0 1 1 0 1 0 0 1 0 1 1 1 0
 0 1 1 0 0 1 0 0 0 0 0 0 1 1 1 0 1 0 0 0 1 1 0 1 1 1 1 0 1 1 0 0 0 1 0 0 1
 1 0 1 0 0 1 0 1 1 0 1 1 0 0 0 1 1 0 1 1 0]
Relleno: 0
CRC: 23148[0 1 0 1 1 0 1 0 0 1 1 0 1 1 0 0]<class 'numpy.ndarray'>int32



*****************************************************************
Tramas: 11[0 0 0 0 1 0 1 1]Longitud:8
Numero de trama: 8[0 0 0 0 1 0 0 0]Longitud:8
Longitud carga util: 9[1 1 1 0 1 0 0 0 1]
Carga util: 465<class 'numpy.ndarray'><class 'numpy.uint8'>
[0 0 1 1 0 1 1 1 1 0 1 1 1 0 0 1 1 0 0 0 0 1 1 0 1 0 0 0 0 1 0 1 0 0 0 0 0
 1 1 0 1 0 0 0 0 1 0 1 0 0 1 1 1 0 0 0 0 0 1 1 0 0 1 0 1 0 1 1 1 0 0 1 0 0
 1 1 0 1 1 1 1 0 0 1 0 0 0 0 0 0 1 1 0 0 0 1 1 0 1 1 1 0 1 0 1 0 1 1 0 0 0
 0 1 0 1 1 0 1 1 1 0 0 1 1 0 0 1 0 0 0 1 1 0 1 1 1 1 0 0 1 0 0 0 0 0 0 1 1
 0 0 1 0 1 0 1 1 1 0 0 1 1 0 1 1 1 0 1 0 0 0 1 1 0 1 1 1 1 0 1 1 1 0 0 1 1
 0 0 1 0 0 0 0 0 0 1 1 0 1 1 1 1 0 1 1 0 1 0 1 0 0 1 1 0 1 1 1 1 0 1 1 1 0
 0 1 1 0 0 1 0 0 0 0 0 0 1 1 1 0 0 1 1 0 1 1 0 0 1 0 1 0 0 1 0 0 0 0 0 0 1
 1 0 1 0 0 0 0 1 1 0 0 0 0 1 0 1 1 1 0 0 1 0 0 1 1 1 0 1 0 0 0 1 1 0 0 0 0
 1 0 1 1 0 1 1 1 0 0 0 1 0 0 0 0 0 0 1 1 0 0 1 0 0 0 1 1 0 0 1 0 1 0 0 1 0
 0 0 0 0 0 1 1 0 0 0 1 0 0 1 1 0 0 0 0 1 0 1 1 0 1 1 0 0 0 1 1 0 0 1 0 0 0
 1 1 0 1 1 1 1 0 1 1 1 0 0 1 1 0 1 1 0 0 0 0 1 0 1 1 1 0 0 1 1 0 0 0 0 1 1
 0 1 0 0 0 0 1 0 1 0 0 0 0 0 1 1 0 1 0 0 0 0 1 0 1 0 0 1 1 1 1 0 0 1 0 0 1
 0 0 0 0 0 0 1 1 0 0 1 0 1 0 1 1 1 0 0 1 1]
Relleno: 0
CRC: 48009[1 0 1 1 1 0 1 1 1 0 0 0 1 0 0 1]<class 'numpy.ndarray'>int32



*****************************************************************
Tramas: 11[0 0 0 0 1 0 1 1]Longitud:8
Numero de trama: 9[0 0 0 0 1 0 0 1]Longitud:8
Longitud carga util: 9[1 1 1 0 1 0 0 0 1]
Carga util: 465<class 'numpy.ndarray'><class 'numpy.uint8'>
[0 1 1 1 0 0 0 0 0 1 1 0 0 1 0 1 0 1 1 1 0 0 1 0 0 1 1 0 0 0 0 1 0 1 1 0 1
 1 1 0 0 0 1 0 0 0 0 0 0 1 1 0 0 1 0 1 0 1 1 0 1 1 1 0 0 1 1 1 0 1 0 0 0 1
 1 1 0 0 1 0 0 1 1 0 0 1 0 1 0 0 1 0 0 0 0 0 0 1 1 0 0 1 0 1 0 1 1 0 1 1 0
 0 0 0 1 0 0 0 0 0 0 1 1 0 1 1 0 0 0 1 1 0 1 1 0 0 0 1 1 0 0 0 0 1 0 1 1 0
 1 1 1 0 0 1 1 0 1 1 1 1 0 0 1 0 0 0 0 0 0 1 1 1 1 0 0 1 0 0 1 0 0 0 0 0 0
 1 1 0 1 1 0 0 0 1 1 0 0 0 0 1 0 1 1 1 0 0 1 1 0 0 1 0 0 0 0 0 0 1 1 0 0 0
 1 1 0 1 1 0 1 1 1 1 0 1 1 0 1 1 0 0 0 1 1 0 1 0 0 1 0 1 1 0 1 1 1 0 0 1 1
 0 0 0 0 1 0 1 1 1 0 0 1 1 0 0 0 0 1 1 0 1 0 0 0 0 1 0 1 0 0 0 0 0 1 1 0 1
 0 0 0 0 1 0 1 0 0 1 1 0 1 1 1 1 0 0 1 0 0 0 0 0 0 1 1 0 0 1 0 1 0 1 1 0 1
 1 1 0 0 0 1 0 0 0 0 0 0 1 1 0 0 0 1 1 0 1 1 0 0 0 0 1 0 1 1 0 1 1 0 0 0 1
 1 0 1 1 0 0 0 1 1 0 0 1 0 1 0 1 1 1 0 0 1 1 0 0 1 0 0 0 0 0 0 1 1 1 0 0 0
 1 0 1 1 1 0 1 0 1 0 1 1 0 0 1 0 1 0 0 1 0 0 0 0 0 0 1 1 1 0 0 1 1 0 1 1 0
 0 1 0 1 0 0 1 0 0 0 0 0 0 1 1 0 0 0 1 1 0]
Relleno: 0
CRC: 49997[1 1 0 0 0 0 1 1 0 1 0 0 1 1 0 1]<class 'numpy.ndarray'>int32



*****************************************************************
Tramas: 11[0 0 0 0 1 0 1 1]Longitud:8
Numero de trama: 10[0 0 0 0 1 0 1 0]Longitud:8
Longitud carga util: 9[1 1 1 0 1 0 0 0 1]
Carga util: 465<class 'numpy.ndarray'><class 'numpy.uint8'>
[1 1 0 1 0 0 1 0 1 1 0 0 1 0 1 0 1 1 1 0 0 1 0 0 1 1 1 0 0 1 0 0 1 1 0 0 0
 0 1 0 1 1 0 1 1 1 0 0 0 1 0 0 0 0 0 0 1 1 0 0 1 0 1 0 1 1 0 1 1 1 0 0 0 1
 0 0 0 0 0 0 1 1 0 1 1 0 1 0 1 1 0 0 0 0 1 0 1 1 1 0 0 1 1 0 0 1 0 0 0 0 0
 0 1 1 0 0 0 1 1 0 1 1 0 0 0 0 1 0 1 1 0 1 1 0 0 0 1 1 0 1 1 0 0 0 1 1 0 0
 1 0 1 0 1 1 1 0 0 1 1 0 0 0 0 1 1 0 1 0 0 0 0 1 0 1 0 0 0 0 0 1 1 0 1 0 0
 0 0 1 0 1 0 0 1 1 0 0 1 0 1 0 1 1 0 1 1 1 0 0 1 1 1 0 1 0 0 0 1 1 0 1 1 1
 1 0 1 1 0 1 1 1 0 0 1 1 0 0 0 1 1 0 1 1 0 0 1 0 1 0 1 1 1 0 0 1 1 0 0 1 0
 0 0 0 0 0 1 1 1 0 0 1 1 0 1 1 0 1 0 0 1 0 0 1 0 0 0 0 0 0 1 1 0 1 1 0 1 0
 1 1 0 0 1 0 1 0 0 1 0 0 0 0 0 0 1 1 1 0 0 1 1 0 1 1 0 1 0 0 1 0 1 1 0 0 1
 0 1 0 1 1 0 1 1 1 0 0 1 1 1 0 1 0 0 0 1 1 0 1 1 1 1 0 0 1 0 0 0 0 0 0 1 1
 0 1 1 1 0 0 1 1 0 0 0 0 1 0 1 1 1 0 1 0 1 0 1 1 0 0 1 1 0 0 1 1 1 0 0 1 0
 0 1 1 0 0 0 0 1 0 1 1 0 0 1 1 1 0 1 1 0 1 1 1 1 0 0 1 0 0 0 0 0 0 1 1 1 1
 0 0 1 0 0 1 0 0 0 0 0 0 1 1 1 0 0 1 1 0 1]
Relleno: 0
CRC: 29343[0 1 1 1 0 0 1 0 1 0 0 1 1 1 1 1]<class 'numpy.ndarray'>int32



*****************************************************************
Tramas: 11[0 0 0 0 1 0 1 1]Longitud:8
Numero de trama: 11[0 0 0 0 1 0 1 1]Longitud:8
Longitud carga util: 9[0 1 1 0 1 1 1 1 0]
Carga util: 222<class 'numpy.ndarray'><class 'numpy.uint8'>
[1 0 1 1 1 1 0 1 1 0 1 1 0 0 0 1 1 0 1 1 1 1 0 0 1 0 0 0 0 0 0 1 1 0 0 1 0
 1 0 1 1 0 1 1 0 0 0 0 1 0 0 0 0 0 0 1 1 0 1 1 0 1 0 1 1 0 0 0 0 1 0 1 1 1
 0 0 1 0 0 0 1 0 0 0 0 0 0 1 1 1 0 0 0 0 0 1 1 1 0 1 0 1 0 1 1 0 0 1 0 1 0
 1 1 0 0 1 0 0 0 1 1 0 0 1 0 1 0 0 0 0 1 1 0 1 0 0 0 0 1 0 1 0 0 0 0 0 1 1
 0 1 0 0 0 0 1 0 1 0 0 1 1 1 0 0 1 1 0 1 1 0 0 0 0 1 0 1 1 0 1 1 0 0 0 1 1
 1 0 1 1 0 0 1 1 0 0 0 0 1 0 1 1 1 0 0 1 0 0 1 1 0 1 1 0 1 0 1 1 0 0 1 0 1]
Relleno: 243
CRC: 6517[0 0 0 1 1 0 0 1 0 1 1 1 0 1 0 1]<class 'numpy.ndarray'>int32



*****************************************************************
Tramas: 23[0 0 0 1 0 1 1 1]Longitud:8
Numero de trama: 1[0 0 0 0 0 0 0 1]Longitud:8
Longitud carga util: 8[1 1 0 1 0 1 0 1]
Carga util: 213<class 'numpy.ndarray'><class 'numpy.uint8'>
[0 1 0 0 0 1 0 1 0 1 1 0 1 1 0 0 0 0 1 0 0 0 0 0 0 1 1 1 0 0 1 1 0 1 1 0 1
 0 0 1 0 1 1 0 1 1 0 0 0 1 1 0 0 1 0 1 0 1 1 0 1 1 1 0 0 1 1 0 0 0 1 1 0 1
 1 0 1 0 0 1 0 1 1 0 1 1 1 1 0 0 1 0 0 0 0 0 0 1 1 0 0 1 0 0 0 1 1 0 0 1 0
 1 0 1 1 0 1 1 0 0 0 0 1 0 0 0 0 0 0 1 1 0 1 1 0 1 0 1 1 0 0 0 0 1 0 1 1 1
 0 0 1 0 0 0 0 0 1 1 0 1 0 0 0 0 1 0 1 0 0 0 0 0 1 1 0 1 0 0 0 0 1 0 1 0 0
 1 1 0 0 0 1 0 0 1 1 1 0 0 1 0 0 1 1 0 0 0 0 1 0 1 1 0 1]
Relleno: 0
CRC: 21752[0 1 0 1 0 1 0 0 1 1 1 1 1 0 0 0]<class 'numpy.ndarray'>int32



*****************************************************************
Tramas: 23[0 0 0 1 0 1 1 1]Longitud:8
Numero de trama: 2[0 0 0 0 0 0 1 0]Longitud:8
Longitud carga util: 8[1 1 0 1 0 1 0 1]
Carga util: 213<class 'numpy.ndarray'><class 'numpy.uint8'>
[1 0 1 0 1 1 0 0 0 0 1 0 0 1 0 0 0 0 0 0 1 1 1 0 1 0 1 0 1 1 0 1 1 1 0 0 0
 1 0 0 0 0 0 0 1 1 0 1 0 1 0 0 1 1 1 0 1 0 1 0 1 1 0 1 0 0 1 0 1 1 0 0 0 1
 1 0 1 1 0 1 0 0 1 0 1 1 0 1 1 1 1 0 0 1 0 0 0 0 0 0 1 1 0 1 0 0 1 0 1 1 0
 1 1 1 0 0 1 1 0 0 1 1 0 0 1 1 0 1 0 0 1 0 1 1 0 1 1 1 0 0 1 1 0 1 0 0 1 0
 1 1 1 0 1 0 0 0 1 1 0 1 1 1 1 0 0 0 0 1 1 0 1 0 0 0 0 1 0 1 0 0 0 0 0 1 1
 0 1 0 0 0 0 1 0 1 0 0 1 1 0 1 1 0 1 0 1 1 0 0 0 0 1 0 1]
Relleno: 0
CRC: 53610[1 1 0 1 0 0 0 1 0 1 1 0 1 0 1 0]<class 'numpy.ndarray'>int32



*****************************************************************
Tramas: 23[0 0 0 1 0 1 1 1]Longitud:8
Numero de trama: 3[0 0 0 0 0 0 1 1]Longitud:8
Longitud carga util: 8[1 1 0 1 0 1 0 1]
Carga util: 213<class 'numpy.ndarray'><class 'numpy.uint8'>
[1 1 0 0 1 1 0 0 1 0 0 0 0 0 0 1 1 0 0 0 1 1 0 1 1 0 1 1 1 1 0 1 1 0 1 1 1
 0 0 1 1 0 0 0 1 1 0 1 1 0 0 1 0 1 0 1 1 0 1 1 1 0 0 1 1 1 0 1 0 0 0 1 1 1
 0 0 1 0 0 1 1 0 0 0 0 1 0 1 1 0 0 1 0 0 0 1 1 0 1 1 1 1 0 0 1 0 0 0 0 0 0
 1 1 1 0 0 0 1 0 1 1 1 0 1 0 1 0 1 1 0 0 1 0 1 0 0 1 0 0 0 0 0 0 1 1 0 0 1
 0 1 0 1 1 0 1 1 0 0 0 0 1 0 0 0 0 0 0 1 1 0 0 1 0 0 0 1 1 0 0 1 0 1 0 0 1
 0 0 0 0 0 0 1 1 1 0 1 0 1 0 1 1 0 1 1 1 0 0 0 1 0 0 0 0]
Relleno: 0
CRC: 18027[0 1 0 0 0 1 1 0 0 1 1 0 1 0 1 1]<class 'numpy.ndarray'>int32



*****************************************************************
Tramas: 23[0 0 0 1 0 1 1 1]Longitud:8
Numero de trama: 4[0 0 0 0 0 1 0 0]Longitud:8
Longitud carga util: 8[1 1 0 1 0 1 0 1]
Carga util: 213<class 'numpy.ndarray'><class 'numpy.uint8'>
[0 0 1 1 0 0 0 1 1 0 1 1 0 0 0 0 1 0 1 1 0 1 1 1 0 0 1 1 1 0 1 0 0 0 1 1 0
 0 0 0 1 0 1 1 1 0 0 1 0 0 1 1 0 1 1 1 1 0 0 0 0 1 1 0 1 0 0 0 0 1 0 1 0 0
 0 0 0 1 1 0 1 0 0 0 0 1 0 1 0 0 1 1 0 1 1 0 1 0 1 1 0 0 0 0 1 0 1 1 1 0 0
 1 1 0 0 1 0 0 0 0 0 0 1 1 0 1 0 0 1 0 1 1 0 1 1 0 1 0 1 1 1 0 0 0 0 0 1 1
 0 1 1 0 0 0 1 1 0 0 0 0 1 0 1 1 0 0 0 1 1 0 1 1 0 0 0 0 1 0 1 1 0 0 0 1 0
 0 1 1 0 1 1 0 0 0 1 1 0 0 1 0 1 0 0 1 0 0 0 0 0 0 1 1 1]
Relleno: 0
CRC: 49481[1 1 0 0 0 0 0 1 0 1 0 0 1 0 0 1]<class 'numpy.ndarray'>int32



*****************************************************************
Tramas: 23[0 0 0 1 0 1 1 1]Longitud:8
Numero de trama: 5[0 0 0 0 0 1 0 1]Longitud:8
Longitud carga util: 8[1 1 0 1 0 1 0 1]
Carga util: 213<class 'numpy.ndarray'><class 'numpy.uint8'>
[0 0 0 1 0 1 1 1 0 1 0 1 0 1 1 0 0 1 0 1 0 0 1 0 0 0 0 0 0 1 1 0 0 1 0 0 0
 1 1 0 1 1 1 1 0 1 1 1 0 0 1 1 0 0 1 0 0 0 0 0 0 1 1 0 0 1 1 1 0 1 1 0 1 1
 1 1 0 1 1 1 0 1 0 0 0 1 1 0 0 0 0 1 0 1 1 1 0 0 1 1 0 0 0 0 1 1 0 1 0 0 0
 0 1 0 1 0 0 0 0 0 1 1 0 1 0 0 0 0 1 0 1 0 0 0 0 0 1 1 0 1 0 0 0 0 1 0 1 0
 0 0 0 0 1 1 0 1 0 0 0 0 1 0 1 0 0 1 1 1 1 0 0 1 0 1 1 0 0 0 0 1 0 0 1 0 0
 0 0 0 0 1 1 0 0 0 0 1 0 1 1 0 0 0 1 1 0 1 1 0 0 1 0 1 0]
Relleno: 0
CRC: 61416[1 1 1 0 1 1 1 1 1 1 1 0 1 0 0 0]<class 'numpy.ndarray'>int32



*****************************************************************
Tramas: 23[0 0 0 1 0 1 1 1]Longitud:8
Numero de trama: 6[0 0 0 0 0 1 1 0]Longitud:8
Longitud carga util: 8[1 1 0 1 0 1 0 1]
Carga util: 213<class 'numpy.ndarray'><class 'numpy.uint8'>
[1 1 1 0 0 1 0 0 1 1 1 0 0 0 1 0 1 1 1 0 1 0 1 0 1 1 0 0 1 0 1 0 0 1 0 0 0
 0 0 0 1 1 0 0 1 0 1 0 1 1 0 1 1 0 0 0 0 1 0 0 0 0 0 0 1 1 0 1 0 0 0 0 1 1
 0 1 1 1 1 0 1 1 1 0 0 1 0 0 1 1 0 1 0 0 1 0 1 1 1 1 0 1 0 0 1 1 0 1 1 1 1
 0 1 1 0 1 1 1 0 0 1 1 1 0 1 0 0 0 1 1 0 0 1 0 1 0 0 1 0 0 0 0 0 0 1 1 0 1
 1 1 1 0 0 1 0 0 0 0 0 0 1 1 0 1 1 1 0 0 1 1 0 1 1 1 1 0 1 1 1 0 0 1 1 0 0
 1 0 0 0 0 0 0 1 1 0 0 1 0 1 0 1 1 0 1 1 1 0 0 1 1 1 0 1]
Relleno: 0
CRC: 6428[0 0 0 1 1 0 0 1 0 0 0 1 1 1 0 0]<class 'numpy.ndarray'>int32



*****************************************************************
Tramas: 23[0 0 0 1 0 1 1 1]Longitud:8
Numero de trama: 7[0 0 0 0 0 1 1 1]Longitud:8
Longitud carga util: 8[1 1 0 1 0 1 0 1]
Carga util: 213<class 'numpy.ndarray'><class 'numpy.uint8'>
[0 0 0 1 1 1 0 0 1 0 0 1 1 0 0 1 0 1 0 1 1 0 0 1 1 1 0 1 1 1 0 1 0 1 0 1 1
 0 0 1 0 1 0 0 0 0 1 1 0 1 0 0 0 0 1 0 1 0 0 0 0 0 1 1 0 1 0 0 0 0 1 0 1 0
 0 1 1 0 1 1 0 0 0 1 1 0 0 0 0 1 0 0 1 0 0 0 0 0 0 1 1 0 1 1 0 1 0 1 1 1 0
 1 0 1 0 1 1 0 0 1 0 1 0 1 1 1 0 0 1 0 0 1 1 1 0 1 0 0 0 1 1 0 0 1 0 1 0 0
 1 0 0 0 0 0 0 1 1 0 0 0 0 1 0 1 1 1 1 0 1 0 0 1 1 1 0 1 0 1 0 1 1 0 1 1 0
 0 0 0 1 0 0 0 0 0 0 1 1 0 0 1 0 0 0 1 1 0 0 1 0 1 0 0 1]
Relleno: 0
CRC: 2986[0 0 0 0 1 0 1 1 1 0 1 0 1 0 1 0]<class 'numpy.ndarray'>int32



*****************************************************************
Tramas: 23[0 0 0 1 0 1 1 1]Longitud:8
Numero de trama: 8[0 0 0 0 1 0 0 0]Longitud:8
Longitud carga util: 8[1 1 0 1 0 1 0 1]
Carga util: 213<class 'numpy.ndarray'><class 'numpy.uint8'>
[0 0 0 0 0 0 1 1 0 1 1 0 0 0 1 1 0 0 0 0 1 0 1 1 1 0 0 1 1 0 0 1 0 0 0 0 0
 0 1 1 0 1 1 0 1 0 1 1 0 0 1 0 1 0 1 1 0 0 1 0 0 0 1 1 1 0 1 0 1 0 1 1 1 0
 0 1 1 0 1 1 0 0 0 0 1 0 1 1 1 0 0 1 1 0 0 0 0 1 1 0 1 0 0 0 0 1 0 1 0 0 0
 0 0 1 1 0 1 0 0 0 0 1 0 1 0 0 1 1 0 1 1 1 0 0 1 1 1 0 1 0 1 0 1 1 0 0 1 0
 1 0 1 1 1 0 0 1 1 0 1 1 1 0 1 0 0 0 1 1 1 0 0 1 0 0 1 1 0 0 0 0 1 0 1 1 1
 0 0 1 1 0 0 1 0 0 0 0 0 0 1 1 1 0 0 1 1 0 1 1 0 1 1 1 1]
Relleno: 0
CRC: 54289[1 1 0 1 0 1 0 0 0 0 0 1 0 0 0 1]<class 'numpy.ndarray'>int32



*****************************************************************
Tramas: 23[0 0 0 1 0 1 1 1]Longitud:8
Numero de trama: 9[0 0 0 0 1 0 0 1]Longitud:8
Longitud carga util: 8[1 1 0 1 0 1 0 1]
Carga util: 213<class 'numpy.ndarray'><class 'numpy.uint8'>
[0 1 1 1 0 0 1 1 0 1 1 1 0 0 0 0 0 1 1 0 0 1 0 1 0 1 1 0 0 0 1 1 0 1 1 0 1
 0 0 0 0 1 1 0 0 0 0 1 0 1 1 1 0 0 1 1 0 0 1 0 0 0 0 0 0 1 1 0 1 1 1 0 0 1
 1 0 1 1 1 1 0 0 1 0 0 0 0 0 0 1 1 0 1 1 0 0 0 1 1 0 1 1 1 1 0 0 1 0 0 0 0
 0 0 1 1 0 0 1 0 0 0 1 1 0 0 1 0 1 0 1 1 0 1 0 1 0 0 1 1 0 0 0 0 1 0 1 1 0
 1 1 1 0 0 0 0 0 1 1 0 1 0 0 0 0 1 0 1 0 0 0 0 0 1 1 0 1 0 0 0 0 1 0 1 0 0
 0 0 0 1 1 0 1 0 0 0 0 1 0 1 0 0 0 0 0 1 1 0 1 0 0 0 0 1]
Relleno: 0
CRC: 27038[0 1 1 0 1 0 0 1 1 0 0 1 1 1 1 0]<class 'numpy.ndarray'>int32



*****************************************************************
Tramas: 23[0 0 0 1 0 1 1 1]Longitud:8
Numero de trama: 10[0 0 0 0 1 0 1 0]Longitud:8
Longitud carga util: 8[1 1 0 1 0 1 0 1]
Carga util: 213<class 'numpy.ndarray'><class 'numpy.uint8'>
[0 1 0 0 1 1 0 0 1 0 1 0 1 1 0 1 1 0 0 0 0 1 0 0 0 0 0 0 1 1 0 1 1 0 1 0 1
 1 0 0 0 0 1 0 1 1 1 0 0 1 0 0 0 1 0 0 0 0 0 0 1 1 0 0 1 0 1 0 1 1 1 0 0 1
 1 0 1 1 0 0 0 1 1 0 1 1 1 0 1 0 1 0 1 1 0 0 0 1 1 0 1 1 0 1 0 0 0 0 1 1 0
 0 0 0 1 0 0 1 0 0 0 0 0 0 1 1 0 0 0 1 1 0 1 1 0 1 1 1 1 0 1 1 0 1 1 0 1 0
 1 1 0 1 1 1 1 0 0 1 0 0 0 0 0 0 1 1 1 0 1 0 1 0 1 1 0 1 1 1 0 0 0 1 0 0 0
 0 0 0 1 1 1 0 0 1 1 0 1 1 0 1 1 1 1 0 1 1 1 0 0 1 0 0 1]
Relleno: 0
CRC: 8826[0 0 1 0 0 0 1 0 0 1 1 1 1 0 1 0]<class 'numpy.ndarray'>int32



*****************************************************************
Tramas: 23[0 0 0 1 0 1 1 1]Longitud:8
Numero de trama: 11[0 0 0 0 1 0 1 1]Longitud:8
Longitud carga util: 8[1 1 0 1 0 1 0 1]
Carga util: 213<class 'numpy.ndarray'><class 'numpy.uint8'>
[1 0 0 1 0 0 0 1 1 0 1 1 1 1 0 0 0 0 1 1 0 1 0 0 0 0 1 0 1 0 0 0 0 0 1 1 0
 1 0 0 0 0 1 0 1 0 0 1 1 0 0 1 0 1 0 1 1 1 0 0 1 1 0 0 1 0 0 0 0 0 0 1 1 0
 1 0 0 1 0 1 1 0 1 1 1 0 0 1 1 1 0 0 1 1 0 1 1 0 0 1 0 1 0 1 1 0 1 1 1 0 0
 1 1 1 0 0 1 1 0 1 1 0 1 0 0 1 0 1 1 0 0 0 1 0 0 1 1 0 1 1 0 0 0 1 1 0 0 1
 0 1 0 0 1 0 0 0 0 0 0 1 1 0 0 0 1 1 0 1 1 0 1 1 1 1 0 1 1 0 1 1 0 1 0 1 1
 0 1 1 1 1 0 0 1 0 0 0 0 0 0 1 1 1 0 1 0 1 0 1 1 0 1 1 1]
Relleno: 0
CRC: 23730[0 1 0 1 1 1 0 0 1 0 1 1 0 0 1 0]<class 'numpy.ndarray'>int32



*****************************************************************
Tramas: 23[0 0 0 1 0 1 1 1]Longitud:8
Numero de trama: 12[0 0 0 0 1 1 0 0]Longitud:8
Longitud carga util: 8[1 1 0 1 0 1 0 1]
Carga util: 213<class 'numpy.ndarray'><class 'numpy.uint8'>
[0 0 0 1 0 0 0 0 0 0 1 1 0 0 1 0 0 0 1 1 0 1 0 0 1 0 1 1 0 1 1 1 1 0 1 1 1
 0 0 1 1 0 0 0 0 1 1 0 1 0 0 0 0 1 0 1 0 0 0 0 0 1 1 0 1 0 0 0 0 1 0 1 0 0
 1 1 1 1 0 0 1 0 0 1 0 0 0 0 0 0 1 1 1 0 0 1 1 0 1 1 0 1 1 1 1 0 1 1 0 0 0
 1 0 0 1 1 1 0 0 1 0 0 1 1 0 0 1 0 1 0 1 1 1 0 1 1 0 0 1 1 0 1 0 0 1 0 1 1
 1 0 1 1 0 0 1 1 0 0 1 0 1 0 0 1 0 0 0 0 0 0 1 1 0 0 0 0 1 0 0 1 0 0 0 0 0
 0 1 1 0 1 1 0 0 0 1 1 0 1 1 1 1 0 1 1 1 0 0 1 1 0 0 1 0]
Relleno: 0
CRC: 2962[0 0 0 0 1 0 1 1 1 0 0 1 0 0 1 0]<class 'numpy.ndarray'>int32



*****************************************************************
Tramas: 23[0 0 0 1 0 1 1 1]Longitud:8
Numero de trama: 13[0 0 0 0 1 1 0 1]Longitud:8
Longitud carga util: 8[1 1 0 1 0 1 0 1]
Carga util: 213<class 'numpy.ndarray'><class 'numpy.uint8'>
[0 0 0 0 0 1 1 1 0 0 1 1 0 1 1 0 1 1 1 1 0 1 1 0 0 0 1 0 0 1 1 1 0 0 1 0 0
 1 1 0 0 1 0 1 0 1 1 1 0 1 1 0 0 1 1 0 1 0 0 1 0 1 1 1 0 1 1 0 0 1 1 0 1 0
 0 1 0 1 1 0 0 1 0 1 0 1 1 0 1 1 1 0 0 1 1 1 0 1 0 0 0 1 1 0 0 1 0 1 0 1 1
 1 0 0 1 1 0 0 0 0 1 1 0 1 0 0 0 0 1 0 1 0 0 0 0 0 1 1 0 1 0 0 0 0 1 0 1 0
 0 0 0 0 1 1 0 1 0 0 0 0 1 0 1 0 0 0 0 0 1 1 0 1 0 0 0 0 1 0 1 0 0 1 1 0 1
 1 1 0 0 1 1 1 0 1 0 1 0 1 1 0 1 1 1 0 0 1 1 0 0 0 1 1 0]
Relleno: 0
CRC: 37264[1 0 0 1 0 0 0 1 1 0 0 1 0 0 0 0]<class 'numpy.ndarray'>int32



*****************************************************************
Tramas: 23[0 0 0 1 0 1 1 1]Longitud:8
Numero de trama: 14[0 0 0 0 1 1 1 0]Longitud:8
Longitud carga util: 8[1 1 0 1 0 1 0 1]
Carga util: 213<class 'numpy.ndarray'><class 'numpy.uint8'>
[1 1 0 0 0 0 1 0 0 1 0 0 0 0 0 0 1 1 1 0 0 1 1 0 1 1 0 0 0 0 1 0 1 1 0 0 0
 1 0 0 1 1 1 0 0 1 0 0 1 1 0 0 1 0 1 0 0 1 0 0 0 0 0 0 1 1 1 0 0 0 1 0 1 1
 1 0 1 0 1 0 1 1 0 0 1 0 1 0 0 1 0 0 0 0 0 0 1 1 0 0 1 0 1 0 1 1 1 0 0 1 1
 0 1 1 1 0 0 0 0 0 1 1 0 0 1 0 1 0 1 1 1 0 0 1 0 0 1 1 0 1 1 1 1 0 0 1 0 0
 0 0 0 0 1 1 0 0 1 0 0 0 1 1 0 0 1 0 1 0 0 1 0 0 0 0 0 0 1 1 0 0 1 0 1 0 1
 1 0 1 1 0 0 0 0 0 0 1 1 0 1 0 0 0 0 1 0 1 0 0 0 0 0 1 1]
Relleno: 0
CRC: 50518[1 1 0 0 0 1 0 1 0 1 0 1 0 1 1 0]<class 'numpy.ndarray'>int32



*****************************************************************
Tramas: 23[0 0 0 1 0 1 1 1]Longitud:8
Numero de trama: 15[0 0 0 0 1 1 1 1]Longitud:8
Longitud carga util: 8[1 1 0 1 0 1 0 1]
Carga util: 213<class 'numpy.ndarray'><class 'numpy.uint8'>
[0 1 0 0 0 0 1 0 1 0 0 1 1 0 1 1 1 0 0 1 1 0 1 0 0 1 0 0 1 0 0 0 0 0 0 1 1
 1 0 0 0 1 0 1 1 1 0 1 0 1 0 1 1 0 0 1 0 1 0 0 1 0 0 0 0 0 0 1 1 0 0 0 1 1
 0 1 1 0 1 1 1 1 0 1 1 0 1 1 1 0 0 1 1 0 1 0 1 0 0 1 1 1 0 1 0 1 0 1 1 1 0
 0 1 0 0 1 1 0 1 1 1 1 0 0 1 0 0 0 0 0 0 1 1 0 0 1 0 0 0 1 1 0 0 1 0 1 0 1
 1 0 1 0 1 0 0 1 1 0 0 0 0 1 0 0 1 0 0 0 0 0 0 1 1 0 0 1 0 1 0 1 1 0 1 1 1
 0 0 0 1 0 0 0 0 0 0 1 1 0 1 1 0 1 0 1 1 0 1 0 0 1 0 1 1]
Relleno: 0
CRC: 55117[1 1 0 1 0 1 1 1 0 1 0 0 1 1 0 1]<class 'numpy.ndarray'>int32



*****************************************************************
Tramas: 23[0 0 0 1 0 1 1 1]Longitud:8
Numero de trama: 16[0 0 0 1 0 0 0 0]Longitud:8
Longitud carga util: 8[1 1 0 1 0 1 0 1]
Carga util: 213<class 'numpy.ndarray'><class 'numpy.uint8'>
[1 0 0 1 1 0 0 1 0 0 0 0 0 0 1 1 1 0 1 0 0 0 1 1 0 1 1 1 1 0 1 1 0 0 0 1 0
 0 1 1 0 1 0 0 1 0 1 1 0 1 1 0 0 0 1 1 0 1 1 0 0 0 1 1 0 1 1 1 1 0 1 1 1 0
 0 1 1 0 0 0 0 1 1 0 1 0 0 0 0 1 0 1 0 0 0 0 0 1 1 0 1 0 0 0 0 1 0 1 0 0 1
 1 1 0 0 0 0 0 1 1 0 0 1 0 1 0 1 1 1 0 0 1 0 0 1 1 0 1 1 1 1 0 0 1 0 0 0 0
 0 0 1 1 0 0 0 1 1 0 1 1 1 0 1 0 1 0 1 1 0 0 0 0 1 0 1 1 0 1 1 1 0 0 1 1 0
 0 1 0 0 0 1 1 0 1 1 1 1 0 0 1 0 0 0 0 0 0 1 1 0 0 1 0 1]
Relleno: 0
CRC: 60977[1 1 1 0 1 1 1 0 0 0 1 1 0 0 0 1]<class 'numpy.ndarray'>int32



*****************************************************************
Tramas: 23[0 0 0 1 0 1 1 1]Longitud:8
Numero de trama: 17[0 0 0 1 0 0 0 1]Longitud:8
Longitud carga util: 8[1 1 0 1 0 1 0 1]
Carga util: 213<class 'numpy.ndarray'><class 'numpy.uint8'>
[0 1 1 1 0 0 1 1 0 1 1 1 0 1 0 0 0 1 1 0 1 1 1 1 0 1 1 1 0 0 1 1 0 0 1 0 0
 0 0 0 0 1 1 0 1 1 1 1 0 1 1 0 1 0 1 0 0 1 1 0 1 1 1 1 0 1 1 1 0 0 1 1 0 0
 1 0 0 0 0 0 0 1 1 1 0 0 1 1 0 1 1 0 0 1 0 1 0 0 1 0 0 0 0 0 0 1 1 0 1 0 0
 0 0 1 1 0 0 0 0 1 0 1 1 1 0 0 1 0 0 1 1 1 0 1 0 0 0 1 1 0 0 0 0 1 0 1 1 0
 1 1 1 0 0 0 1 0 0 0 0 0 0 1 1 0 0 1 0 0 0 1 1 0 0 1 0 1 0 0 1 0 0 0 0 0 0
 1 1 0 0 0 1 0 0 1 1 0 0 0 0 1 0 1 1 0 1 1 0 0 0 1 1 0 0]
Relleno: 0
CRC: 32023[0 1 1 1 1 1 0 1 0 0 0 1 0 1 1 1]<class 'numpy.ndarray'>int32



*****************************************************************
Tramas: 23[0 0 0 1 0 1 1 1]Longitud:8
Numero de trama: 18[0 0 0 1 0 0 1 0]Longitud:8
Longitud carga util: 8[1 1 0 1 0 1 0 1]
Carga util: 213<class 'numpy.ndarray'><class 'numpy.uint8'>
[1 0 0 0 1 1 0 1 1 1 1 0 1 1 1 0 0 1 1 0 1 1 0 0 0 0 1 0 1 1 1 0 0 1 1 0 0
 0 0 1 1 0 1 0 0 0 0 1 0 1 0 0 0 0 0 1 1 0 1 0 0 0 0 1 0 1 0 0 1 1 1 1 0 0
 1 0 0 1 0 0 0 0 0 0 1 1 0 0 1 0 1 0 1 1 1 0 0 1 1 0 1 1 1 0 0 0 0 0 1 1 0
 0 1 0 1 0 1 1 1 0 0 1 0 0 1 1 0 0 0 0 1 0 1 1 0 1 1 1 0 0 0 1 0 0 0 0 0 0
 1 1 0 0 1 0 1 0 1 1 0 1 1 1 0 0 1 1 1 0 1 0 0 0 1 1 1 0 0 1 0 0 1 1 0 0 1
 0 1 0 0 1 0 0 0 0 0 0 1 1 0 0 1 0 1 0 1 1 0 1 1 0 0 0 0]
Relleno: 0
CRC: 31928[0 1 1 1 1 1 0 0 1 0 1 1 1 0 0 0]<class 'numpy.ndarray'>int32



*****************************************************************
Tramas: 23[0 0 0 1 0 1 1 1]Longitud:8
Numero de trama: 19[0 0 0 1 0 0 1 1]Longitud:8
Longitud carga util: 8[1 1 0 1 0 1 0 1]
Carga util: 213<class 'numpy.ndarray'><class 'numpy.uint8'>
[1 0 0 0 0 0 0 1 1 0 1 1 0 0 0 1 1 0 1 1 0 0 0 1 1 0 0 0 0 1 0 1 1 0 1 1 1
 0 0 1 1 0 1 1 1 1 0 0 1 0 0 0 0 0 0 1 1 1 1 0 0 1 0 0 1 0 0 0 0 0 0 1 1 0
 1 1 0 0 0 1 1 0 0 0 0 1 0 1 1 1 0 0 1 1 0 0 1 0 0 0 0 0 0 1 1 0 0 0 1 1 0
 1 1 0 1 1 1 1 0 1 1 0 1 1 0 0 0 1 1 0 1 0 0 1 0 1 1 0 1 1 1 0 0 1 1 0 0 0
 0 1 0 1 1 1 0 0 1 1 0 0 0 0 1 1 0 1 0 0 0 0 1 0 1 0 0 0 0 0 1 1 0 1 0 0 0
 0 1 0 1 0 0 1 1 0 1 1 1 1 0 0 1 0 0 0 0 0 0 1 1 0 0 1 0]
Relleno: 0
CRC: 22727[0 1 0 1 1 0 0 0 1 1 0 0 0 1 1 1]<class 'numpy.ndarray'>int32



*****************************************************************
Tramas: 23[0 0 0 1 0 1 1 1]Longitud:8
Numero de trama: 20[0 0 0 1 0 1 0 0]Longitud:8
Longitud carga util: 8[1 1 0 1 0 1 0 1]
Carga util: 213<class 'numpy.ndarray'><class 'numpy.uint8'>
[1 0 1 1 0 1 1 1 0 0 0 1 0 0 0 0 0 0 1 1 0 0 0 1 1 0 1 1 0 0 0 0 1 0 1 1 0
 1 1 0 0 0 1 1 0 1 1 0 0 0 1 1 0 0 1 0 1 0 1 1 1 0 0 1 1 0 0 1 0 0 0 0 0 0
 1 1 1 0 0 0 1 0 1 1 1 0 1 0 1 0 1 1 0 0 1 0 1 0 0 1 0 0 0 0 0 0 1 1 1 0 0
 1 1 0 1 1 0 0 1 0 1 0 0 1 0 0 0 0 0 0 1 1 0 0 0 1 1 0 1 1 0 1 0 0 1 0 1 1
 0 0 1 0 1 0 1 1 1 0 0 1 0 0 1 1 1 0 0 1 0 0 1 1 0 0 0 0 1 0 1 1 0 1 1 1 0
 0 0 1 0 0 0 0 0 0 1 1 0 0 1 0 1 0 1 1 0 1 1 1 0 0 0 1 0]
Relleno: 0
CRC: 64214[1 1 1 1 1 0 1 0 1 1 0 1 0 1 1 0]<class 'numpy.ndarray'>int32



*****************************************************************
Tramas: 23[0 0 0 1 0 1 1 1]Longitud:8
Numero de trama: 21[0 0 0 1 0 1 0 1]Longitud:8
Longitud carga util: 8[1 1 0 1 0 1 0 1]
Carga util: 213<class 'numpy.ndarray'><class 'numpy.uint8'>
[0 0 0 0 0 1 1 0 1 1 0 1 0 1 1 0 0 0 0 1 0 1 1 1 0 0 1 1 0 0 1 0 0 0 0 0 0
 1 1 0 0 0 1 1 0 1 1 0 0 0 0 1 0 1 1 0 1 1 0 0 0 1 1 0 1 1 0 0 0 1 1 0 0 1
 0 1 0 1 1 1 0 0 1 1 0 0 0 0 1 1 0 1 0 0 0 0 1 0 1 0 0 0 0 0 1 1 0 1 0 0 0
 0 1 0 1 0 0 1 1 0 0 1 0 1 0 1 1 0 1 1 1 0 0 1 1 1 0 1 0 0 0 1 1 0 1 1 1 1
 0 1 1 0 1 1 1 0 0 1 1 0 0 0 1 1 0 1 1 0 0 1 0 1 0 1 1 1 0 0 1 1 0 0 1 0 0
 0 0 0 0 1 1 1 0 0 1 1 0 1 1 0 1 0 0 1 0 0 1 0 0 0 0 0 0]
Relleno: 0
CRC: 40211[1 0 0 1 1 1 0 1 0 0 0 1 0 0 1 1]<class 'numpy.ndarray'>int32



*****************************************************************
Tramas: 23[0 0 0 1 0 1 1 1]Longitud:8
Numero de trama: 22[0 0 0 1 0 1 1 0]Longitud:8
Longitud carga util: 8[1 1 0 1 0 1 0 1]
Carga util: 213<class 'numpy.ndarray'><class 'numpy.uint8'>
[1 1 0 1 1 0 1 0 1 1 0 0 1 0 1 0 0 1 0 0 0 0 0 0 1 1 1 0 0 1 1 0 1 1 0 1 0
 0 1 0 1 1 0 0 1 0 1 0 1 1 0 1 1 1 0 0 1 1 1 0 1 0 0 0 1 1 0 1 1 1 1 0 0 1
 0 0 0 0 0 0 1 1 0 1 1 1 0 0 1 1 0 0 0 0 1 0 1 1 1 0 1 0 1 0 1 1 0 0 1 1 0
 0 1 1 1 0 0 1 0 0 1 1 0 0 0 0 1 0 1 1 0 0 1 1 1 0 1 1 0 1 1 1 1 0 0 1 0 0
 0 0 0 0 1 1 1 1 0 0 1 0 0 1 0 0 0 0 0 0 1 1 1 0 0 1 1 0 1 1 0 1 1 1 1 0 1
 1 0 1 1 0 0 0 1 1 0 1 1 1 1 0 0 1 0 0 0 0 0 0 1 1 0 0 1]
Relleno: 0
CRC: 62364[1 1 1 1 0 0 1 1 1 0 0 1 1 1 0 0]<class 'numpy.ndarray'>int32



*****************************************************************
Tramas: 23[0 0 0 1 0 1 1 1]Longitud:8
Numero de trama: 23[0 0 0 1 0 1 1 1]Longitud:8
Longitud carga util: 8[1 0 1 1 1 0 1 0]
Carga util: 186<class 'numpy.ndarray'><class 'numpy.uint8'>
[0 1 0 1 1 0 1 1 0 0 0 0 1 0 0 0 0 0 0 1 1 0 1 1 0 1 0 1 1 0 0 0 0 1 0 1 1
 1 0 0 1 0 0 0 1 0 0 0 0 0 0 1 1 1 0 0 0 0 0 1 1 1 0 1 0 1 0 1 1 0 0 1 0 1
 0 1 1 0 0 1 0 0 0 1 1 0 0 1 0 1 0 0 0 0 1 1 0 1 0 0 0 0 1 0 1 0 0 0 0 0 1
 1 0 1 0 0 0 0 1 0 1 0 0 1 1 1 0 0 1 1 0 1 1 0 0 0 0 1 0 1 1 0 1 1 0 0 0 1
 1 1 0 1 1 0 0 1 1 0 0 0 0 1 0 1 1 1 0 0 1 0 0 1 1 0 1 1 0 1 0 1 1 0 0 1 0
 1]
Relleno: 27
CRC: 16636[0 1 0 0 0 0 0 0 1 1 1 1 1 1 0 0]<class 'numpy.ndarray'>int32

